6x6:
13747 17504 21252 20467 16300 14299
17639 26590 30069 24939 24907 18274
22303 27318 29710 29679 30473 24819
19562 23381 28099 29331 27116 25085
14361 22496 26719 27385 24942 19893
11556 19032 18407 22559 18029 11758
8x8 :
9396 12089 16777 17864 18609 17068 13904 10437
14702 15324 20308 21779 22191 22509 18608 16017
17478 17854 22642 22798 22981 21726 18469 16708
19074 19066 23217 24332 26111 23499 20493 18587
16630 18346 22968 22717 26069 22777 20684 18438
16077 20072 23212 21597 25199 22100 19446 16767
13593 17003 19615 19010 22071 21361 18308 14596
9651 14864 17869 16179 18179 17927 13825 10233

10x10:
9378 12240 16003 15906 16383 15631 14926 15485 10511 7090
12088 15434 17663 18216 17618 17734 15667 16822 13841 11239
14442 17703 19947 20048 19349 21191 19172 18186 16149 13388
15457 17532 19299 22321 21537 21665 19570 18549 17076 14256
16354 17493 19771 22463 21666 22197 20998 19374 17969 15906
16270 17579 17934 22761 23313 22913 22576 19280 17800 17093 
16191 16046 17853 20479 19717 21498 20972 18301 15935 15698
14304 15174 17054 19419 19652 22485 21335 18287 15794 14977
11499 12937 16270 17714 16727 19433 19045 16634 14425 12912
8682 11646 14965 14243 14583 16243 16131 14390 12092 9836